{
  "update_time": 1741094355.117625,
  "recent_average_consume_time": 0.011534333229064941,
  "queue_last_emptied_timestamp": 1741094355.1175742,
  "consumed_since_last_emptied": 0
}
