{
  "update_time": 1741095984.1053622,
  "recent_average_consume_time": 0.0017088212464985094,
  "queue_last_emptied_timestamp": 1741095984.1053112,
  "consumed_since_last_emptied": 0
}
